value of sum 25 
size of block is 32 
size of Ele is 4 
count of Ele is 513 
total num of Ele in one block is 8 
counts of total blocks 65 
counts of total  partitions 0 
starting index of fetch 866  
starting index of ans_I 736  
last index is 2088 
583 0
286 1
177 1
115 1
593 0
535 0
586 0
492 1
249 1
421 1
362 1
427 1
290 1
259 1
563 0
526 0
540 0
426 1
172 1
136 1
11 1
368 1
567 0
429 1
182 1
530 0
62 1
523 0
67 1
535 0
329 1
402 1
222 1
258 1
269 1
567 0
193 1
256 1
211 1
442 1
429 1
573 0
21 1
119 1
584 0
337 1
398 1
524 0
515 0
570 0
413 1
526 0
91 1
380 1
356 1
273 1
62 1
170 1
196 1
481 1
105 1
525 0
284 1
327 1
536 0
305 1
46 1
129 1
313 1
257 1
324 1
495 1
582 0
345 1
14 1
567 0
434 1
164 1
243 1
350 1
487 1
408 1
276 1
578 0
188 1
384 1
3 1
251 1
554 0
199 1
132 1
60 1
476 1
168 1
139 1
412 1
226 1
186 1
294 1
539 0
195 1
370 1
434 1
178 1
467 1
201 1
497 1
302 1
117 1
492 1
52 1
356 1
301 1
80 1
86 1
241 1
465 1
89 1
244 1
419 1
40 1
129 1
231 1
517 0
297 1
371 1
81 1
275 1
309 1
127 1
567 0
256 1
497 1
153 1
186 1
365 1
106 1
83 1
419 1
224 1
328 1
471 1
332 1
29 1
303 1
419 1
270 1
168 1
508 1
515 0
340 1
549 0
396 1
323 1
218 1
445 1
446 1
51 1
121 1
155 1
179 1
88 1
164 1
428 1
241 1
350 1
193 1
100 1
434 1
364 1
324 1
514 0
587 0
56 1
543 0
291 1
227 1
565 0
459 1
136 1
232 1
551 0
437 1
28 1
275 1
407 1
474 1
121 1
458 1
595 0
29 1
37 1
435 1
193 1
218 1
428 1
543 0
411 1
528 0
129 1
176 1
4 1
43 1
163 1
413 1
338 1
206 1
40 1
304 1
418 1
528 0
288 1
369 1
117 1
317 1
396 1
524 0
543 0
270 1
383 1
290 1
299 1
172 1
125 1
244 1
390 1
305 1
539 0
554 0
586 0
69 1
482 1
342 1
464 1
397 1
507 1
555 0
4 1
548 0
11 1
422 1
228 1
299 1
543 0
346 1
368 1
340 1
22 1
311 1
10 1
405 1
1 1
61 1
330 1
478 1
305 1
120 1
536 0
244 1
426 1
522 0
65 1
308 1
16 1
282 1
458 1
524 0
237 1
462 1
224 1
0 0
36 1
452 1
299 1
579 0
550 0
68 1
71 1
573 0
131 1
81 1
130 1
133 1
494 1
460 1
363 1
199 1
581 0
299 1
196 1
159 1
573 0
13 1
468 1
590 0
295 1
326 1
266 1
284 1
540 0
490 1
284 1
576 0
342 1
336 1
307 1
45 1
156 1
379 1
18 1
287 1
212 1
148 1
172 1
459 1
9 1
536 0
410 1
342 1
587 0
6 1
501 1
313 1
372 1
121 1
55 1
419 1
199 1
321 1
104 1
139 1
211 1
140 1
467 1
305 1
228 1
527 0
350 1
384 1
58 1
120 1
424 1
22 1
269 1
596 0
481 1
30 1
284 1
292 1
372 1
272 1
50 1
25 1
585 0
422 1
499 1
40 1
242 1
98 1
113 1
98 1
590 0
324 1
590 0
209 1
381 1
219 1
136 1
132 1
355 1
194 1
4 1
179 1
569 0
273 1
176 1
450 1
55 1
460 1
142 1
179 1
484 1
193 1
205 1
221 1
367 1
104 1
13 1
361 1
554 0
126 1
459 1
544 0
202 1
202 1
506 1
584 0
421 1
42 1
468 1
528 0
589 0
472 1
108 1
558 0
498 1
36 1
408 1
553 0
248 1
303 1
133 1
133 1
248 1
90 1
354 1
367 1
546 0
368 1
129 1
500 1
246 1
588 0
197 1
449 1
190 1
103 1
433 1
363 1
497 1
53 1
292 1
486 1
525 0
152 1
196 1
175 1
188 1
357 1
129 1
436 1
60 1
14 1
321 1
60 1
104 1
428 1
427 1
50 1
548 0
556 0
302 1
194 1
297 1
499 1
43 1
239 1
2 1
228 1
3 1
500 1
281 1
47 1
138 1
559 0
551 0
335 1
134 1
139 1
92 1
15 1
327 1
504 1
29 1
49 1
564 0
485 1
229 1
143 1
535 0
177 1
100 1
238 1
371 1
149 1
489 1
167 1
388 1
492 1
395 1
143 1
144 1
429 1
190 1
282 1
140 1
141 1
369 1
26 1
32 1
461 1
42 1
360 1
117 1
423 1
161 1
81 1
309 1
390 1
225 1
596 0
567 0
77 1
234 1
